100
0.482771
2.43889
0.27456
0.516883
0.61
10.34
0.990848
0.108137
0.377459
0.29091
1.52963
0.359458
-0.107801
-0.878058
-12.02
-1.83016
-0.889192
0.317906
-0.178571
-1.48118
0.494191
-0.784146
0.732909
0.0875331
-0.72581
0.428625
0.847332
0.745463
-0.882418
0.604804
-34.02
0.0622889
-0.329324
0.71897
1.10195
-2.29989
-0.529644
-1.28779
-0.0801394
-1.01618
-0.574403
-0.222562
-0.786336
-0.436387
0.0089435
-0.649278
0.286812
-1.55482
1.3022
-0.33196
-1.29826
-1.20975
0.575548
-0.0536661
0.368917
-0.215964
0.204541
-1.64349
0.618112
-0.475539
2.13126
-0.00972789
-0.466247
0.182312
-0.661794
1.82372
-0.100944
-0.362344
1.51331
1.85628
-0.826346
0.238675
0.143333
-0.86044
1.63882
-0.0507676
0.857747
0.158349
-1.6355
-1.76885
-0.0989693
-1.10467
0.652593
-1.42855
-0.192348
-1.58341
-0.46922
-1.01483
0.99668
1.48574
-0.552073
0.524502
-0.0110437
0.60063
0.423437
0.0884318
-2.33941
0.502517
-0.851215
0.851069
