6807
5249
73
5329
3658
8930
1272
7544
878
7923
7709
4440
8165
4492
3042
7987
2503
2327
1729
8840
2612
4303
3169
7709
7157
9560
933
3099
278
1816
5335
9097
7826
3512
9267
3810
7633
979
9149
6579
8821
1967
672
1393
9336
5485
1745
5228
4091
194
37636
6357
5001
1153
6708
7944
5668
1490
8124
2196
9530
903
7722
4666
8549
8024
7801
6853
977
7408
8228
4933
298
8981
8635
8013
3865
9814
9063
4536
9425
1669
4115
94
8836
5629
6501
6517
4195
105
11025
404
9451
4298
2188
1123
9505
6882
6752
1566
6716
337
4438
3144
1501
4897
3871
5828
1137
9358
3177
2397
2294
7904
1609
6231
9745
4175
3635
6298
8142
399
7968
412
260
3557
1594
8008
6395
5968
9113
4530
1006
962
7942
5365
2082
9852
767
3821
5695
4712
3671
9901
8590
4831
4738
3057

