49.98	
89.94	
70.03	
90.12	
49.93	
49.99	
70.07	
89.92	
90.15	
90.13	
49.93	
70.02	
49.99	
49.91	
49.99	
70.03	
69.93	
50.01	
89.91	
49.96	
70.02	
89.93	
69.99	
49.96	
49.97	
50.04	
49.97	
69.89	
69.98	
49.96	
89.91	
49.99	
90.01	
49.94	
49.86	
70.05	
49.99	
50.04	
50.02	
90.	
49.94	
69.97	
49.97	
89.86	
50.06	
89.9	
89.93	
70.04	
70.06	
70.06	
69.97	
69.99	
50.09	
50.08	
90.02	
50.1	
50.04	
70.04	
69.97	
49.89	
89.95	
70.04	
89.94	
70.03	
90.09	
50.	
50.03	
70.01	
69.91	
50.08	
90.15	
89.94	
49.92	
50.07	
50.04	
90.11	
50.04	
90.03	
90.09	
50.07	
70.07	
69.97	
70.	
70.12	
89.93	
50.03	
50.17	
69.96	
49.88	
50.	
90.05	
89.87	
70.1	
69.93	
90.04	
69.99	
49.99	
50.	
69.99	
49.89	
69.94	
49.9	
90.03	
49.94	
49.96	
50.11	
69.92	
70.11	
90.06	
70.03	
69.95	
70.06	
50.06	
69.99	
70.02	
69.96	
50.1	
50.06	
90.04	
90.01	
